image_width: 1280
image_height: 720
camera_name: usb_camera
camera_matrix:
  rows: 3
  cols: 3
  data: [678.001769974105, 0.000000000000, 640.633474125123, 0.000000000000, 679.029134596658, 378.856544984081, 0.000000000000, 0.000000000000, 1.000000000000]
distortion_model: plumb_bob
distortion_coefficients:
  rows: 1
  cols: 5
  data: [0.066628654374, -0.084344151120, -0.000125297468, 0.000525192806, -0.034834039380]
rms: 0.457763742636
reprojection_error: 0.457763704114
pattern_type: chessboard
chessboard_inner_corners: [15, 10]
square_size_mm: 50.000000
